[0.9585 0.0027 0.0012 0.0265 0.0111]
Ket([[[[[0. 0. 0. 0. 0.]
    [0. 0. 0. 0. 0.]
    [0. 0. 0. 0. 0.]
    [0. 0. 0. 0. 0.]
    [0. 0. 0. 0. 0.]]
   [[0. 0. 0. 0. 0.]
    [0. 0. 0. 0. 0.]
    [0. 0. 0. 0. 0.]
    [0. 0. 0. 0. 0.]
    [0. 0. 0. 0. 0.]]
   [[0. 0. 0. 0. 0.]
    [0. 0. 0. 0. 0.]
    [0. 0. 0. 0. 0.]
    [0. 0. 0. 0. 0.]
    [0. 0. 0. 0. 0.]]
   [[0. 0. 0. 0. 0.]
    [0. 0. 0. 0. 0.]
    [0. 0. 0. 0. 0.]
    [0. 0. 0. 0. 0.]
    [0. 0. 0. 0. 0.]]
   [[0. 0. 0. 0. 0.]
    [0. 0. 0. 0. 0.]
    [0. 0. 0. 0. 0.]
    [0. 0. 0. 0. 0.]
    [0. 0. 0. 0. 0.]]]
  [[[0. 0. 0. 0. 0.]
    [0. 0. 0. 0. 0.]
    [0. 0. 0. 0. 0.]
    [0. 0. 0. 0. 0.]
    [0. 0. 0. 0. 0.]]
   [[0. 0. 0. 0. 0.]
    [0. 0. 0. 0. 0.]
    [0. 0. 0. 0. 0.]
    [0. 0. 0. 0. 0.]
    [0. 0. 0. 0. 0.]]
   [[0. 0. 0. 0. 0.]
    [0. 0. 0. 0. 0.]
    [0. 0. 0. 0. 0.]
    [0. 0. 0. 0. 0.]
    [0. 0. 0. 0. 0.]]
   [[0. 0. 0. 0. 0.]
    [0. 0. 0. 0. 0.]
    [0. 0. 0. 0. 0.]
    [0. 0. 0. 0. 0.]
    [0. 0. 0. 0. 0.]]
   [[0. 0. 0. 0. 0.]
    [0. 0. 0. 0. 0.]
    [0. 0. 0. 0. 0.]
    [0. 0. 0. 0. 0.]
    [0. 0. 0. 0. 0.]]]
  [[[0. 0. 0. 0. 0.]
    [0. 0. 0. 0. 0.]
    [0. 0. 0. 0. 0.]
    [0. 0. 0. 0. 0.]
    [0. 0. 0. 0. 0.]]
   [[0. 0. 0. 0. 0.]
    [0. 0. 0. 0. 0.]
    [0. 0. 0. 0. 0.]
    [0. 0. 0. 0. 0.]
    [0. 0. 0. 0. 0.]]
   [[0. 0. 0. 0. 0.]
    [0. 0. 0. 0. 0.]
    [0. 0. 0. 0. 0.]
    [0. 0. 0. 0. 0.]
    [0. 0. 0. 0. 0.]]
   [[0. 0. 0. 0. 0.]
    [0. 0. 0. 0. 0.]
    [0. 0. 0. 0. 0.]
    [0. 0. 0. 0. 0.]
    [0. 0. 0. 0. 0.]]
   [[0. 0. 0. 0. 0.]
    [0. 0. 0. 0. 0.]
    [0. 0. 0. 0. 0.]
    [0. 0. 0. 0. 0.]
    [0. 0. 0. 0. 0.]]]
  [[[0. 0. 0. 0. 0.]
    [0. 0. 0. 0. 0.]
    [0. 0. 0. 0. 0.]
    [0. 0. 0. 0. 0.]
    [0. 0. 0. 0. 0.]]
   [[0. 0. 0. 0. 0.]
    [0. 0. 0. 0. 0.]
    [0. 0. 0. 0. 0.]
    [0. 0. 0. 0. 0.]
    [0. 0. 0. 0. 0.]]
   [[0. 0. 0. 0. 0.]
    [0. 0. 0. 0. 0.]
    [0. 0. 0. 0. 0.]
    [0. 0. 0. 0. 0.]
    [0. 0. 0. 0. 0.]]
   [[0. 0. 0. 0. 0.]
    [0. 0. 0. 0. 0.]
    [0. 0. 0. 0. 0.]
    [0. 0. 0. 0. 0.]
    [0. 0. 0. 0. 0.]]
   [[0. 0. 0. 0. 0.]
    [0. 0. 0. 0. 0.]
    [0. 0. 0. 0. 0.]
    [0. 0. 0. 0. 0.]
    [0. 0. 0. 0. 0.]]]
  [[[0. 0. 0. 0. 0.]
    [0. 0. 0. 0. 0.]
    [0. 0. 0. 0. 0.]
    [0. 0. 0. 0. 0.]
    [0. 0. 0. 0. 0.]]
   [[0. 0. 0. 0. 0.]
    [0. 0. 0. 0. 0.]
    [0. 0. 0. 0. 0.]
    [0. 0. 0. 0. 0.]
    [0. 0. 0. 0. 0.]]
   [[0. 0. 0. 0. 0.]
    [0. 0. 0. 0. 0.]
    [0. 0. 0. 0. 0.]
    [0. 0. 0. 0. 0.]
    [0. 0. 0. 0. 0.]]
   [[0. 0. 0. 0. 0.]
    [0. 0. 0. 0. 0.]
    [0. 0. 0. 0. 0.]
    [0. 0. 0. 0. 0.]
    [0. 0. 0. 0. 0.]]
   [[0. 0. 0. 0. 0.]
    [0. 0. 0. 0. 0.]
    [0. 0. 0. 0. 0.]
    [0. 0. 0. 0. 0.]
    [0. 0. 0. 0. 0.]]]]
 [[[[1. 0. 0. 0. 0.]
    [0. 0. 0. 0. 0.]
    [0. 0. 0. 0. 0.]
    [0. 0. 0. 0. 0.]
    [0. 0. 0. 0. 0.]]
   [[0. 0. 0. 0. 0.]
    [0. 0. 0. 0. 0.]
    [0. 0. 0. 0. 0.]
    [0. 0. 0. 0. 0.]
    [0. 0. 0. 0. 0.]]
   [[0. 0. 0. 0. 0.]
    [0. 0. 0. 0. 0.]
    [0. 0. 0. 0. 0.]
    [0. 0. 0. 0. 0.]
    [0. 0. 0. 0. 0.]]
   [[0. 0. 0. 0. 0.]
    [0. 0. 0. 0. 0.]
    [0. 0. 0. 0. 0.]
    [0. 0. 0. 0. 0.]
    [0. 0. 0. 0. 0.]]
   [[0. 0. 0. 0. 0.]
    [0. 0. 0. 0. 0.]
    [0. 0. 0. 0. 0.]
    [0. 0. 0. 0. 0.]
    [0. 0. 0. 0. 0.]]]
  [[[0. 0. 0. 0. 0.]
    [0. 0. 0. 0. 0.]
    [0. 0. 0. 0. 0.]
    [0. 0. 0. 0. 0.]
    [0. 0. 0. 0. 0.]]
   [[0. 0. 0. 0. 0.]
    [0. 0. 0. 0. 0.]
    [0. 0. 0. 0. 0.]
    [0. 0. 0. 0. 0.]
    [0. 0. 0. 0. 0.]]
   [[0. 0. 0. 0. 0.]
    [0. 0. 0. 0. 0.]
    [0. 0. 0. 0. 0.]
    [0. 0. 0. 0. 0.]
    [0. 0. 0. 0. 0.]]
   [[0. 0. 0. 0. 0.]
    [0. 0. 0. 0. 0.]
    [0. 0. 0. 0. 0.]
    [0. 0. 0. 0. 0.]
    [0. 0. 0. 0. 0.]]
   [[0. 0. 0. 0. 0.]
    [0. 0. 0. 0. 0.]
    [0. 0. 0. 0. 0.]
    [0. 0. 0. 0. 0.]
    [0. 0. 0. 0. 0.]]]
  [[[0. 0. 0. 0. 0.]
    [0. 0. 0. 0. 0.]
    [0. 0. 0. 0. 0.]
    [0. 0. 0. 0. 0.]
    [0. 0. 0. 0. 0.]]
   [[0. 0. 0. 0. 0.]
    [0. 0. 0. 0. 0.]
    [0. 0. 0. 0. 0.]
    [0. 0. 0. 0. 0.]
    [0. 0. 0. 0. 0.]]
   [[0. 0. 0. 0. 0.]
    [0. 0. 0. 0. 0.]
    [0. 0. 0. 0. 0.]
    [0. 0. 0. 0. 0.]
    [0. 0. 0. 0. 0.]]
   [[0. 0. 0. 0. 0.]
    [0. 0. 0. 0. 0.]
    [0. 0. 0. 0. 0.]
    [0. 0. 0. 0. 0.]
    [0. 0. 0. 0. 0.]]
   [[0. 0. 0. 0. 0.]
    [0. 0. 0. 0. 0.]
    [0. 0. 0. 0. 0.]
    [0. 0. 0. 0. 0.]
    [0. 0. 0. 0. 0.]]]
  [[[0. 0. 0. 0. 0.]
    [0. 0. 0. 0. 0.]
    [0. 0. 0. 0. 0.]
    [0. 0. 0. 0. 0.]
    [0. 0. 0. 0. 0.]]
   [[0. 0. 0. 0. 0.]
    [0. 0. 0. 0. 0.]
    [0. 0. 0. 0. 0.]
    [0. 0. 0. 0. 0.]
    [0. 0. 0. 0. 0.]]
   [[0. 0. 0. 0. 0.]
    [0. 0. 0. 0. 0.]
    [0. 0. 0. 0. 0.]
    [0. 0. 0. 0. 0.]
    [0. 0. 0. 0. 0.]]
   [[0. 0. 0. 0. 0.]
    [0. 0. 0. 0. 0.]
    [0. 0. 0. 0. 0.]
    [0. 0. 0. 0. 0.]
    [0. 0. 0. 0. 0.]]
   [[0. 0. 0. 0. 0.]
    [0. 0. 0. 0. 0.]
    [0. 0. 0. 0. 0.]
    [0. 0. 0. 0. 0.]
    [0. 0. 0. 0. 0.]]]
  [[[0. 0. 0. 0. 0.]
    [0. 0. 0. 0. 0.]
    [0. 0. 0. 0. 0.]
    [0. 0. 0. 0. 0.]
    [0. 0. 0. 0. 0.]]
   [[0. 0. 0. 0. 0.]
    [0. 0. 0. 0. 0.]
    [0. 0. 0. 0. 0.]
    [0. 0. 0. 0. 0.]
    [0. 0. 0. 0. 0.]]
   [[0. 0. 0. 0. 0.]
    [0. 0. 0. 0. 0.]
    [0. 0. 0. 0. 0.]
    [0. 0. 0. 0. 0.]
    [0. 0. 0. 0. 0.]]
   [[0. 0. 0. 0. 0.]
    [0. 0. 0. 0. 0.]
    [0. 0. 0. 0. 0.]
    [0. 0. 0. 0. 0.]
    [0. 0. 0. 0. 0.]]
   [[0. 0. 0. 0. 0.]
    [0. 0. 0. 0. 0.]
    [0. 0. 0. 0. 0.]
    [0. 0. 0. 0. 0.]
    [0. 0. 0. 0. 0.]]]]
 [[[[0. 0. 0. 0. 0.]
    [0. 0. 0. 0. 0.]
    [0. 0. 0. 0. 0.]
    [0. 0. 0. 0. 0.]
    [0. 0. 0. 0. 0.]]
   [[0. 0. 0. 0. 0.]
    [0. 0. 0. 0. 0.]
    [0. 0. 0. 0. 0.]
    [0. 0. 0. 0. 0.]
    [0. 0. 0. 0. 0.]]
   [[0. 0. 0. 0. 0.]
    [0. 0. 0. 0. 0.]
    [0. 0. 0. 0. 0.]
    [0. 0. 0. 0. 0.]
    [0. 0. 0. 0. 0.]]
   [[0. 0. 0. 0. 0.]
    [0. 0. 0. 0. 0.]
    [0. 0. 0. 0. 0.]
    [0. 0. 0. 0. 0.]
    [0. 0. 0. 0. 0.]]
   [[0. 0. 0. 0. 0.]
    [0. 0. 0. 0. 0.]
    [0. 0. 0. 0. 0.]
    [0. 0. 0. 0. 0.]
    [0. 0. 0. 0. 0.]]]
  [[[0. 0. 0. 0. 0.]
    [0. 0. 0. 0. 0.]
    [0. 0. 0. 0. 0.]
    [0. 0. 0. 0. 0.]
    [0. 0. 0. 0. 0.]]
   [[0. 0. 0. 0. 0.]
    [0. 0. 0. 0. 0.]
    [0. 0. 0. 0. 0.]
    [0. 0. 0. 0. 0.]
    [0. 0. 0. 0. 0.]]
   [[0. 0. 0. 0. 0.]
    [0. 0. 0. 0. 0.]
    [0. 0. 0. 0. 0.]
    [0. 0. 0. 0. 0.]
    [0. 0. 0. 0. 0.]]
   [[0. 0. 0. 0. 0.]
    [0. 0. 0. 0. 0.]
    [0. 0. 0. 0. 0.]
    [0. 0. 0. 0. 0.]
    [0. 0. 0. 0. 0.]]
   [[0. 0. 0. 0. 0.]
    [0. 0. 0. 0. 0.]
    [0. 0. 0. 0. 0.]
    [0. 0. 0. 0. 0.]
    [0. 0. 0. 0. 0.]]]
  [[[0. 0. 0. 0. 0.]
    [0. 0. 0. 0. 0.]
    [0. 0. 0. 0. 0.]
    [0. 0. 0. 0. 0.]
    [0. 0. 0. 0. 0.]]
   [[0. 0. 0. 0. 0.]
    [0. 0. 0. 0. 0.]
    [0. 0. 0. 0. 0.]
    [0. 0. 0. 0. 0.]
    [0. 0. 0. 0. 0.]]
   [[0. 0. 0. 0. 0.]
    [0. 0. 0. 0. 0.]
    [0. 0. 0. 0. 0.]
    [0. 0. 0. 0. 0.]
    [0. 0. 0. 0. 0.]]
   [[0. 0. 0. 0. 0.]
    [0. 0. 0. 0. 0.]
    [0. 0. 0. 0. 0.]
    [0. 0. 0. 0. 0.]
    [0. 0. 0. 0. 0.]]
   [[0. 0. 0. 0. 0.]
    [0. 0. 0. 0. 0.]
    [0. 0. 0. 0. 0.]
    [0. 0. 0. 0. 0.]
    [0. 0. 0. 0. 0.]]]
  [[[0. 0. 0. 0. 0.]
    [0. 0. 0. 0. 0.]
    [0. 0. 0. 0. 0.]
    [0. 0. 0. 0. 0.]
    [0. 0. 0. 0. 0.]]
   [[0. 0. 0. 0. 0.]
    [0. 0. 0. 0. 0.]
    [0. 0. 0. 0. 0.]
    [0. 0. 0. 0. 0.]
    [0. 0. 0. 0. 0.]]
   [[0. 0. 0. 0. 0.]
    [0. 0. 0. 0. 0.]
    [0. 0. 0. 0. 0.]
    [0. 0. 0. 0. 0.]
    [0. 0. 0. 0. 0.]]
   [[0. 0. 0. 0. 0.]
    [0. 0. 0. 0. 0.]
    [0. 0. 0. 0. 0.]
    [0. 0. 0. 0. 0.]
    [0. 0. 0. 0. 0.]]
   [[0. 0. 0. 0. 0.]
    [0. 0. 0. 0. 0.]
    [0. 0. 0. 0. 0.]
    [0. 0. 0. 0. 0.]
    [0. 0. 0. 0. 0.]]]
  [[[0. 0. 0. 0. 0.]
    [0. 0. 0. 0. 0.]
    [0. 0. 0. 0. 0.]
    [0. 0. 0. 0. 0.]
    [0. 0. 0. 0. 0.]]
   [[0. 0. 0. 0. 0.]
    [0. 0. 0. 0. 0.]
    [0. 0. 0. 0. 0.]
    [0. 0. 0. 0. 0.]
    [0. 0. 0. 0. 0.]]
   [[0. 0. 0. 0. 0.]
    [0. 0. 0. 0. 0.]
    [0. 0. 0. 0. 0.]
    [0. 0. 0. 0. 0.]
    [0. 0. 0. 0. 0.]]
   [[0. 0. 0. 0. 0.]
    [0. 0. 0. 0. 0.]
    [0. 0. 0. 0. 0.]
    [0. 0. 0. 0. 0.]
    [0. 0. 0. 0. 0.]]
   [[0. 0. 0. 0. 0.]
    [0. 0. 0. 0. 0.]
    [0. 0. 0. 0. 0.]
    [0. 0. 0. 0. 0.]
    [0. 0. 0. 0. 0.]]]]
 [[[[0. 0. 0. 0. 0.]
    [0. 0. 0. 0. 0.]
    [0. 0. 0. 0. 0.]
    [0. 0. 0. 0. 0.]
    [0. 0. 0. 0. 0.]]
   [[0. 0. 0. 0. 0.]
    [0. 0. 0. 0. 0.]
    [0. 0. 0. 0. 0.]
    [0. 0. 0. 0. 0.]
    [0. 0. 0. 0. 0.]]
   [[0. 0. 0. 0. 0.]
    [0. 0. 0. 0. 0.]
    [0. 0. 0. 0. 0.]
    [0. 0. 0. 0. 0.]
    [0. 0. 0. 0. 0.]]
   [[0. 0. 0. 0. 0.]
    [0. 0. 0. 0. 0.]
    [0. 0. 0. 0. 0.]
    [0. 0. 0. 0. 0.]
    [0. 0. 0. 0. 0.]]
   [[0. 0. 0. 0. 0.]
    [0. 0. 0. 0. 0.]
    [0. 0. 0. 0. 0.]
    [0. 0. 0. 0. 0.]
    [0. 0. 0. 0. 0.]]]
  [[[0. 0. 0. 0. 0.]
    [0. 0. 0. 0. 0.]
    [0. 0. 0. 0. 0.]
    [0. 0. 0. 0. 0.]
    [0. 0. 0. 0. 0.]]
   [[0. 0. 0. 0. 0.]
    [0. 0. 0. 0. 0.]
    [0. 0. 0. 0. 0.]
    [0. 0. 0. 0. 0.]
    [0. 0. 0. 0. 0.]]
   [[0. 0. 0. 0. 0.]
    [0. 0. 0. 0. 0.]
    [0. 0. 0. 0. 0.]
    [0. 0. 0. 0. 0.]
    [0. 0. 0. 0. 0.]]
   [[0. 0. 0. 0. 0.]
    [0. 0. 0. 0. 0.]
    [0. 0. 0. 0. 0.]
    [0. 0. 0. 0. 0.]
    [0. 0. 0. 0. 0.]]
   [[0. 0. 0. 0. 0.]
    [0. 0. 0. 0. 0.]
    [0. 0. 0. 0. 0.]
    [0. 0. 0. 0. 0.]
    [0. 0. 0. 0. 0.]]]
  [[[0. 0. 0. 0. 0.]
    [0. 0. 0. 0. 0.]
    [0. 0. 0. 0. 0.]
    [0. 0. 0. 0. 0.]
    [0. 0. 0. 0. 0.]]
   [[0. 0. 0. 0. 0.]
    [0. 0. 0. 0. 0.]
    [0. 0. 0. 0. 0.]
    [0. 0. 0. 0. 0.]
    [0. 0. 0. 0. 0.]]
   [[0. 0. 0. 0. 0.]
    [0. 0. 0. 0. 0.]
    [0. 0. 0. 0. 0.]
    [0. 0. 0. 0. 0.]
    [0. 0. 0. 0. 0.]]
   [[0. 0. 0. 0. 0.]
    [0. 0. 0. 0. 0.]
    [0. 0. 0. 0. 0.]
    [0. 0. 0. 0. 0.]
    [0. 0. 0. 0. 0.]]
   [[0. 0. 0. 0. 0.]
    [0. 0. 0. 0. 0.]
    [0. 0. 0. 0. 0.]
    [0. 0. 0. 0. 0.]
    [0. 0. 0. 0. 0.]]]
  [[[0. 0. 0. 0. 0.]
    [0. 0. 0. 0. 0.]
    [0. 0. 0. 0. 0.]
    [0. 0. 0. 0. 0.]
    [0. 0. 0. 0. 0.]]
   [[0. 0. 0. 0. 0.]
    [0. 0. 0. 0. 0.]
    [0. 0. 0. 0. 0.]
    [0. 0. 0. 0. 0.]
    [0. 0. 0. 0. 0.]]
   [[0. 0. 0. 0. 0.]
    [0. 0. 0. 0. 0.]
    [0. 0. 0. 0. 0.]
    [0. 0. 0. 0. 0.]
    [0. 0. 0. 0. 0.]]
   [[0. 0. 0. 0. 0.]
    [0. 0. 0. 0. 0.]
    [0. 0. 0. 0. 0.]
    [0. 0. 0. 0. 0.]
    [0. 0. 0. 0. 0.]]
   [[0. 0. 0. 0. 0.]
    [0. 0. 0. 0. 0.]
    [0. 0. 0. 0. 0.]
    [0. 0. 0. 0. 0.]
    [0. 0. 0. 0. 0.]]]
  [[[0. 0. 0. 0. 0.]
    [0. 0. 0. 0. 0.]
    [0. 0. 0. 0. 0.]
    [0. 0. 0. 0. 0.]
    [0. 0. 0. 0. 0.]]
   [[0. 0. 0. 0. 0.]
    [0. 0. 0. 0. 0.]
    [0. 0. 0. 0. 0.]
    [0. 0. 0. 0. 0.]
    [0. 0. 0. 0. 0.]]
   [[0. 0. 0. 0. 0.]
    [0. 0. 0. 0. 0.]
    [0. 0. 0. 0. 0.]
    [0. 0. 0. 0. 0.]
    [0. 0. 0. 0. 0.]]
   [[0. 0. 0. 0. 0.]
    [0. 0. 0. 0. 0.]
    [0. 0. 0. 0. 0.]
    [0. 0. 0. 0. 0.]
    [0. 0. 0. 0. 0.]]
   [[0. 0. 0. 0. 0.]
    [0. 0. 0. 0. 0.]
    [0. 0. 0. 0. 0.]
    [0. 0. 0. 0. 0.]
    [0. 0. 0. 0. 0.]]]]
 [[[[0. 0. 0. 0. 0.]
    [0. 0. 0. 0. 0.]
    [0. 0. 0. 0. 0.]
    [0. 0. 0. 0. 0.]
    [0. 0. 0. 0. 0.]]
   [[0. 0. 0. 0. 0.]
    [0. 0. 0. 0. 0.]
    [0. 0. 0. 0. 0.]
    [0. 0. 0. 0. 0.]
    [0. 0. 0. 0. 0.]]
   [[0. 0. 0. 0. 0.]
    [0. 0. 0. 0. 0.]
    [0. 0. 0. 0. 0.]
    [0. 0. 0. 0. 0.]
    [0. 0. 0. 0. 0.]]
   [[0. 0. 0. 0. 0.]
    [0. 0. 0. 0. 0.]
    [0. 0. 0. 0. 0.]
    [0. 0. 0. 0. 0.]
    [0. 0. 0. 0. 0.]]
   [[0. 0. 0. 0. 0.]
    [0. 0. 0. 0. 0.]
    [0. 0. 0. 0. 0.]
    [0. 0. 0. 0. 0.]
    [0. 0. 0. 0. 0.]]]
  [[[0. 0. 0. 0. 0.]
    [0. 0. 0. 0. 0.]
    [0. 0. 0. 0. 0.]
    [0. 0. 0. 0. 0.]
    [0. 0. 0. 0. 0.]]
   [[0. 0. 0. 0. 0.]
    [0. 0. 0. 0. 0.]
    [0. 0. 0. 0. 0.]
    [0. 0. 0. 0. 0.]
    [0. 0. 0. 0. 0.]]
   [[0. 0. 0. 0. 0.]
    [0. 0. 0. 0. 0.]
    [0. 0. 0. 0. 0.]
    [0. 0. 0. 0. 0.]
    [0. 0. 0. 0. 0.]]
   [[0. 0. 0. 0. 0.]
    [0. 0. 0. 0. 0.]
    [0. 0. 0. 0. 0.]
    [0. 0. 0. 0. 0.]
    [0. 0. 0. 0. 0.]]
   [[0. 0. 0. 0. 0.]
    [0. 0. 0. 0. 0.]
    [0. 0. 0. 0. 0.]
    [0. 0. 0. 0. 0.]
    [0. 0. 0. 0. 0.]]]
  [[[0. 0. 0. 0. 0.]
    [0. 0. 0. 0. 0.]
    [0. 0. 0. 0. 0.]
    [0. 0. 0. 0. 0.]
    [0. 0. 0. 0. 0.]]
   [[0. 0. 0. 0. 0.]
    [0. 0. 0. 0. 0.]
    [0. 0. 0. 0. 0.]
    [0. 0. 0. 0. 0.]
    [0. 0. 0. 0. 0.]]
   [[0. 0. 0. 0. 0.]
    [0. 0. 0. 0. 0.]
    [0. 0. 0. 0. 0.]
    [0. 0. 0. 0. 0.]
    [0. 0. 0. 0. 0.]]
   [[0. 0. 0. 0. 0.]
    [0. 0. 0. 0. 0.]
    [0. 0. 0. 0. 0.]
    [0. 0. 0. 0. 0.]
    [0. 0. 0. 0. 0.]]
   [[0. 0. 0. 0. 0.]
    [0. 0. 0. 0. 0.]
    [0. 0. 0. 0. 0.]
    [0. 0. 0. 0. 0.]
    [0. 0. 0. 0. 0.]]]
  [[[0. 0. 0. 0. 0.]
    [0. 0. 0. 0. 0.]
    [0. 0. 0. 0. 0.]
    [0. 0. 0. 0. 0.]
    [0. 0. 0. 0. 0.]]
   [[0. 0. 0. 0. 0.]
    [0. 0. 0. 0. 0.]
    [0. 0. 0. 0. 0.]
    [0. 0. 0. 0. 0.]
    [0. 0. 0. 0. 0.]]
   [[0. 0. 0. 0. 0.]
    [0. 0. 0. 0. 0.]
    [0. 0. 0. 0. 0.]
    [0. 0. 0. 0. 0.]
    [0. 0. 0. 0. 0.]]
   [[0. 0. 0. 0. 0.]
    [0. 0. 0. 0. 0.]
    [0. 0. 0. 0. 0.]
    [0. 0. 0. 0. 0.]
    [0. 0. 0. 0. 0.]]
   [[0. 0. 0. 0. 0.]
    [0. 0. 0. 0. 0.]
    [0. 0. 0. 0. 0.]
    [0. 0. 0. 0. 0.]
    [0. 0. 0. 0. 0.]]]
  [[[0. 0. 0. 0. 0.]
    [0. 0. 0. 0. 0.]
    [0. 0. 0. 0. 0.]
    [0. 0. 0. 0. 0.]
    [0. 0. 0. 0. 0.]]
   [[0. 0. 0. 0. 0.]
    [0. 0. 0. 0. 0.]
    [0. 0. 0. 0. 0.]
    [0. 0. 0. 0. 0.]
    [0. 0. 0. 0. 0.]]
   [[0. 0. 0. 0. 0.]
    [0. 0. 0. 0. 0.]
    [0. 0. 0. 0. 0.]
    [0. 0. 0. 0. 0.]
    [0. 0. 0. 0. 0.]]
   [[0. 0. 0. 0. 0.]
    [0. 0. 0. 0. 0.]
    [0. 0. 0. 0. 0.]
    [0. 0. 0. 0. 0.]
    [0. 0. 0. 0. 0.]]
   [[0. 0. 0. 0. 0.]
    [0. 0. 0. 0. 0.]
    [0. 0. 0. 0. 0.]
    [0. 0. 0. 0. 0.]
    [0. 0. 0. 0. 0.]]]]]) | (q[0], q[1], q[2], q[3], q[4])
BSgate(2.353, 5.974) | (q[0], q[1])
BSgate(4.599, 3.761) | (q[2], q[3])
BSgate(0.365, 5.442) | (q[1], q[2])
BSgate(3.777, 4.449) | (q[3], q[4])
BSgate(0.1293, 6.094) | (q[0], q[1])
BSgate(5.23, 1.334) | (q[2], q[3])
BSgate(1.912, 3.297) | (q[1], q[2])
BSgate(2.714, 1.83) | (q[3], q[4])
BSgate(3.844, 0.8765) | (q[0], q[1])
BSgate(1.836, 2.302) | (q[2], q[3])
BSgate(1.255, 3.231) | (q[1], q[2])
BSgate(3.722, 0.2919) | (q[3], q[4])
BSgate(3.817, 1.071) | (q[0], q[1])
BSgate(0.4087, 5.962) | (q[2], q[3])
BSgate(1.914, 0.6137) | (q[1], q[2])
BSgate(4.299, 2.766) | (q[3], q[4])
BSgate(0.7668, 3.111) | (q[0], q[1])
BSgate(0.2161, 5.713) | (q[2], q[3])
BSgate(1.959, 3.268) | (q[1], q[2])
BSgate(3.435, 1.161) | (q[3], q[4])
BSgate(6.092, 4.87) | (q[0], q[1])
BSgate(5.903, 5.622) | (q[2], q[3])
BSgate(0.556, 1.231) | (q[1], q[2])
BSgate(0.2842, 2.044) | (q[3], q[4])
BSgate(2.442, 1.705) | (q[0], q[1])
BSgate(5.207, 2.242) | (q[2], q[3])
BSgate(0.8855, 5.04) | (q[1], q[2])
BSgate(0.4684, 6.201) | (q[3], q[4])
BSgate(4.852, 1.249) | (q[0], q[1])
BSgate(0.0347, 5.124) | (q[2], q[3])
BSgate(4.846, 0.4652) | (q[1], q[2])
BSgate(2.252, 0.728) | (q[3], q[4])
BSgate(5.423, 3.916) | (q[0], q[1])
BSgate(2.079, 0.3993) | (q[2], q[3])
BSgate(4.584, 4.006) | (q[1], q[2])
BSgate(5.575, 2.967) | (q[3], q[4])
BSgate(0.7514, 4.481) | (q[0], q[1])
BSgate(4.78, 3.527) | (q[2], q[3])
BSgate(3.284, 2.686) | (q[1], q[2])
BSgate(0.1597, 0.6779) | (q[3], q[4])
BSgate(0.1975, 3.999) | (q[0], q[1])
BSgate(1.975, 3.195) | (q[2], q[3])
BSgate(2.579, 4.747) | (q[1], q[2])
BSgate(1.438, 0.4837) | (q[3], q[4])
BSgate(1.821, 1.013) | (q[0], q[1])
BSgate(5.841, 5.078) | (q[2], q[3])
BSgate(5.05, 1.172) | (q[1], q[2])
BSgate(5.608, 3.389) | (q[3], q[4])
BSgate(5.073, 5.63) | (q[0], q[1])
BSgate(1.998, 0.6915) | (q[2], q[3])
BSgate(5.14, 5.408) | (q[1], q[2])
BSgate(0.04368, 3.209) | (q[3], q[4])
BSgate(2.623, 1.396) | (q[0], q[1])
BSgate(0.7531, 2.121) | (q[2], q[3])
BSgate(3.26, 4.417) | (q[1], q[2])
BSgate(2.285, 6.106) | (q[3], q[4])
BSgate(6.047, 1.582) | (q[0], q[1])
BSgate(3.124, 1.89) | (q[2], q[3])
BSgate(3.83, 3.158) | (q[1], q[2])
BSgate(0.3235, 1.751) | (q[3], q[4])
BSgate(5.707, 1.505) | (q[0], q[1])
BSgate(0.9104, 3.075) | (q[2], q[3])
BSgate(4.223, 4.785) | (q[1], q[2])
BSgate(1.493, 4.576) | (q[3], q[4])
BSgate(2.311, 3.973) | (q[0], q[1])
BSgate(3.981, 3.366) | (q[2], q[3])
BSgate(2.016, 1.172) | (q[1], q[2])
BSgate(0.2562, 3.713) | (q[3], q[4])
BSgate(4.257, 0.1042) | (q[0], q[1])
BSgate(3.218, 1.423) | (q[2], q[3])
BSgate(4.341, 2.43) | (q[1], q[2])
BSgate(5.886, 0.8641) | (q[3], q[4])
BSgate(2.143, 0.713) | (q[0], q[1])
BSgate(5.81, 5.512) | (q[2], q[3])
BSgate(5.135, 3.488) | (q[1], q[2])
BSgate(3.328, 1.52) | (q[3], q[4])
BSgate(0.585, 5.637) | (q[0], q[1])
BSgate(5.657, 3.978) | (q[2], q[3])
BSgate(4.561, 5.637) | (q[1], q[2])
BSgate(5.574, 4.9) | (q[3], q[4])
BSgate(4.034, 0.5287) | (q[0], q[1])
BSgate(1.016, 5.646) | (q[2], q[3])
BSgate(0.6376, 4.169) | (q[1], q[2])
BSgate(0.0318, 1.01) | (q[3], q[4])
BSgate(3.448, 4.347) | (q[0], q[1])
BSgate(4.096, 1.409) | (q[2], q[3])
BSgate(2.045, 4.69) | (q[1], q[2])
BSgate(4.082, 5.336) | (q[3], q[4])
BSgate(4.132, 3.571) | (q[0], q[1])
BSgate(0.5886, 2.31) | (q[2], q[3])
BSgate(6.114, 2.47) | (q[1], q[2])
BSgate(5.605, 3.966) | (q[3], q[4])
BSgate(4.994, 3.158) | (q[0], q[1])
BSgate(3.625, 3.095) | (q[2], q[3])
BSgate(1.764, 0.1528) | (q[1], q[2])
BSgate(4.056, 1.113) | (q[3], q[4])
BSgate(5.909, 5.994) | (q[0], q[1])
BSgate(5.748, 2.326) | (q[2], q[3])
BSgate(2.69, 6.074) | (q[1], q[2])
BSgate(6.055, 5.36) | (q[3], q[4])
BSgate(1.85, 2.42) | (q[0], q[1])
BSgate(5.348, 1.991) | (q[2], q[3])
BSgate(5.882, 4.373) | (q[1], q[2])
BSgate(3.582, 0.6106) | (q[3], q[4])
BSgate(3.864, 6.221) | (q[0], q[1])
BSgate(0.8802, 3.257) | (q[2], q[3])
BSgate(4.379, 4.414) | (q[1], q[2])
BSgate(2.259, 1.845) | (q[3], q[4])
BSgate(5.085, 5.09) | (q[0], q[1])
BSgate(5.448, 5.738) | (q[2], q[3])
BSgate(5.016, 4.084) | (q[1], q[2])
BSgate(4.411, 5) | (q[3], q[4])
BSgate(5.592, 2.124) | (q[0], q[1])
BSgate(2.36, 0.5905) | (q[2], q[3])
BSgate(2.925, 3.41) | (q[1], q[2])
BSgate(1.8, 3.712) | (q[3], q[4])
BSgate(0.1916, 0.2347) | (q[0], q[1])
BSgate(5.169, 2.263) | (q[2], q[3])
BSgate(4.838, 1.356) | (q[1], q[2])
BSgate(3.914, 0.5363) | (q[3], q[4])
BSgate(-2.596, 1.072).H | (q[0], q[4])
BSgate(1.154, 0.02627).H | (q[0], q[3])
BSgate(0.5105, -0.04155).H | (q[0], q[2])
BSgate(0.9643, 0.7076).H | (q[0], q[1])